Alabama, 1920, 222.52746826410294, 501.0
Alabama, 1921, 165.84308713674545, 501.0
Alabama, 1922, 183.38927280902863, 501.0
Alabama, 1923, 180.6400175690651, 501.0
Alabama, 1924, 190.2787805199623, 501.0
Alaska, 1920, 1461.8020253777504, 3489.0
Alaska, 1921, 1582.7918504476547, 4402.0
Alaska, 1922, 1441.3769639134407, 4272.0
Alaska, 1923, 1524.0010057091713, 4104.0
Alaska, 1924, 1080.518930196762, 3651.0
Alaska, 1925, 983.0927965641022, 3322.0
Alaska, 1926, 1184.0805981755257, 4082.0
Alaska, 1927, 988.4779697060585, 3259.0
Alaska, 1928, 957.9839994907379, 3164.0
Alaska, 1929, 984.1778824925423, 3161.0
Alaska, 1930, 860.1403904557228, 3115.0
Alaska, 1931, 830.8551803231239, 3047.0
Alaska, 1932, 849.3431203961372, 3181.0
Alaska, 1933, 921.9489821195602, 2655.0
Alaska, 1934, 1020.6330154538155, 2497.0
Alaska, 1935, 780.0823566913605, 1809.0
Alaska, 1936, 523.3403068780899, 1223.0
Alaska, 1937, 506.55528897047043, 931.0
Alaska, 1938, 591.0061458349228, 1204.0
Alaska, 1939, 472.5851242542267, 1057.0
Alaska, 1940, 480.2543229460716, 1065.0
Arizona, 1920, 1960.207069158554, 4289.0
Arizona, 1921, 2120.896804869175, 5294.0
Arizona, 1922, 2571.8653490543365, 5893.0
Arizona, 1923, 1025.4212712049484, 2123.0
Arizona, 1924, 735.8771643042564, 1571.0
Arizona, 1925, 914.6005041003227, 1666.0
Arizona, 1926, 1258.2249411344528, 2642.0
Arizona, 1927, 815.2863720655441, 1703.0
Arizona, 1928, 457.4695235490799, 1022.0
Arizona, 1929, 305.23886489868164, 480.0
Arizona, 1930, 500.2485955953598, 822.0
Arizona, 1931, 464.1745807528496, 906.0
Arizona, 1932, 502.0013738274574, 1017.0
Arizona, 1933, 455.25374937057495, 897.0
Arizona, 1934, 411.2362185716629, 824.0
Arizona, 1935, 290.3460066318512, 613.0
Arizona, 1936, 337.3135738372803, 750.0
Arizona, 1937, 455.16536843776703, 800.0
Arizona, 1938, 347.47888445854187, 560.0
Arizona, 1939, 544.6144161224365, 966.0
Arizona, 1940, 602.3571175336838, 1083.0
Arkansas, 1920, 1756.739007472992, 3758.0
Arkansas, 1921, 2309.128969371319, 4772.0
Arkansas, 1922, 1211.207327723503, 3283.0
Arkansas, 1923, 275.3489207625389, 567.0
Arkansas, 1924, 27.12546181678772, 47.0
Arkansas, 1925, 0.0, 0.0
Arkansas, 1926, 1.9893100261688232, 2.0
California, 1920, 123.96181792020798, 272.0
California, 1921, 152.98247158527374, 309.0
California, 1922, 166.65517497062683, 451.0
California, 1923, 67.17560869455338, 327.0
California, 1924, 157.95698601007462, 404.0
California, 1925, 129.95673608779907, 279.0
California, 1926, 90.18891823291779, 256.0
California, 1927, 121.92079210281372, 425.0
California, 1928, 71.8315782546997, 349.0
California, 1929, 96.16872191429138, 280.0
California, 1930, 81.2467845082283, 361.0
California, 1931, 135.16740947961807, 366.0
California, 1932, 105.91918677091599, 422.0
California, 1933, 186.70394778251648, 401.0
California, 1934, 162.30322587490082, 373.0
California, 1935, 150.95293521881104, 417.0
California, 1936, 115.81220066547394, 304.0
California, 1937, 100.12402945756912, 285.0
California, 1938, 83.4139774441719, 263.0
California, 1939, 69.67457723617554, 284.0
California, 1940, 48.704774141311646, 399.0
Colorado, 1920, 2422.4229872226715, 6077.0
Colorado, 1921, 2941.890402853489, 7304.0
Colorado, 1922, 2373.305110156536, 5530.0
Colorado, 1923, 1897.4320352077484, 4441.0
Colorado, 1924, 1558.346186876297, 3384.0
Colorado, 1925, 602.5149651169777, 1230.0
Colorado, 1926, 292.6501631140709, 594.0
Colorado, 1927, 83.67914789915085, 217.0
Colorado, 1928, 47.10679394006729, 129.0
Colorado, 1929, 79.53410059213638, 132.0
Colorado, 1930, 59.749479711055756, 138.0
Colorado, 1931, 32.87350279092789, 141.0
Colorado, 1932, 35.526215851306915, 90.0
Colorado, 1933, 50.320695638656616, 125.0
Colorado, 1934, 96.45171362161636, 214.0
Colorado, 1935, 0.0, 0.0
Colorado, 1936, 0.0012248754501342773, 58.0
Colorado, 1937, 66.55804258584976, 170.0
Colorado, 1938, 70.40612125396729, 191.0
Colorado, 1939, 118.84715473651886, 334.0
Colorado, 1940, 59.801301181316376, 127.0
Connecticut, 1920, 1190.9239933490753, 2589.0
Connecticut, 1921, 1151.2065634727478, 2760.0
Connecticut, 1922, 1008.1945554018021, 2805.0
Connecticut, 1923, 377.5030333995819, 980.0
Connecticut, 1924, 358.761057138443, 902.0
Connecticut, 1925, 340.0818549990654, 1030.0
Connecticut, 1926, 229.44134068489075, 629.0
Connecticut, 1927, 279.360414147377, 630.0
Connecticut, 1928, 360.0254301428795, 759.0
Connecticut, 1929, 356.3385539650917, 810.0
Connecticut, 1930, 91.45530486106873, 360.0
Connecticut, 1931, 144.55046504735947, 511.0
Connecticut, 1932, 135.088429749012, 523.0
Connecticut, 1933, 146.19359743595123, 332.0
Connecticut, 1934, 184.45667523145676, 483.0
Connecticut, 1935, 158.84267336130142, 400.0
Connecticut, 1936, 175.0866709947586, 496.0
Connecticut, 1937, 155.23415887355804, 491.0
Connecticut, 1938, 178.56852358579636, 503.0
Connecticut, 1939, 213.77690517902374, 518.0
Connecticut, 1940, 188.02693963050842, 493.0
Delaware, 1920, 687.2097189426422, 1482.0
Delaware, 1921, 1061.6260896921158, 1912.0
Delaware, 1922, 903.3586636781693, 1747.0
Delaware, 1923, 495.7537426352501, 925.0
Delaware, 1924, 387.88210010528564, 617.0
Delaware, 1925, 410.782042324543, 714.0
Delaware, 1926, 418.7155764102936, 625.0
Delaware, 1927, 435.46406918764114, 723.0
Delaware, 1928, 364.4863436818123, 534.0
Delaware, 1929, 383.1110216975212, 553.0
Delaware, 1930, 384.0776897072792, 665.0
Delaware, 1931, 379.9043325185776, 611.0
Delaware, 1932, 354.37729316949844, 749.0
Delaware, 1933, 366.84287828207016, 614.0
Delaware, 1934, 337.0084196925163, 541.0
Delaware, 1935, 261.90173465013504, 485.0
Delaware, 1936, 294.62093967199326, 650.0
Delaware, 1937, 257.8448274731636, 481.0
Delaware, 1938, 216.1951703429222, 454.0
Delaware, 1939, 196.71113061904907, 418.0
Delaware, 1940, 373.8917198777199, 516.0
District of Columbia, 1920, 386.0175409913063, 1084.0
District of Columbia, 1921, 185.44470524787903, 831.0
District of Columbia, 1922, 315.238589823246, 1058.0
District of Columbia, 1923, 224.89067488908768, 802.0
District of Columbia, 1924, 157.01116126775742, 692.0
District of Columbia, 1925, 108.86109977960587, 650.0
District of Columbia, 1926, 177.12026625871658, 744.0
District of Columbia, 1927, 294.5527175664902, 680.0
District of Columbia, 1928, 256.7597650885582, 676.0
District of Columbia, 1929, 184.34212058782578, 803.0
District of Columbia, 1930, 235.75299018621445, 726.0
District of Columbia, 1931, 232.80177146196365, 690.0
District of Columbia, 1932, 210.39812874794006, 704.0
District of Columbia, 1933, 221.53599524497986, 780.0
District of Columbia, 1934, 172.30502480268478, 608.0
District of Columbia, 1935, 152.45003813505173, 699.0
District of Columbia, 1936, 123.59253817796707, 657.0
District of Columbia, 1937, 133.07313632965088, 581.0
District of Columbia, 1938, 204.07308983802795, 737.0
District of Columbia, 1939, 273.1349469423294, 699.0
District of Columbia, 1940, 130.34464567899704, 348.0
Florida, 1920, 687.8740192651749, 1411.0
Florida, 1921, 614.9228315353394, 1461.0
Florida, 1922, 929.7498126626015, 1971.0
Florida, 1926, 128.6111324429512, 247.0
Florida, 1927, 0.0, 0.0
Florida, 1928, 0.0, 0.0
Florida, 1929, 0.0, 0.0
Florida, 1930, 0.0, 0.0
Florida, 1931, 1.9966734647750854, 2.0
Florida, 1932, 124.76183521747589, 308.0
Florida, 1933, 95.58687847852707, 337.0
Florida, 1934, 98.05412691831589, 238.0
Florida, 1935, 0.0, 0.0
Florida, 1936, 132.67284846305847, 331.0
Florida, 1937, 80.5885334610939, 264.0
Florida, 1938, 86.17894506454468, 244.0
Florida, 1939, 237.94060879945755, 536.0
Florida, 1940, 197.93762183189392, 514.0
Georgia, 1920, 981.6777795553207, 2286.0
Georgia, 1921, 1003.8807118535042, 2132.0
Georgia, 1922, 915.2835292220116, 2038.0
Georgia, 1923, 559.4089083075523, 1187.0
Georgia, 1924, 1233.6762593984604, 2045.0
Georgia, 1925, 585.073731303215, 1228.0
Georgia, 1926, 305.71116918325424, 511.0
Georgia, 1927, 347.1548658013344, 501.0
Hawaii, 1920, 495.041929602623, 1002.0
Hawaii, 1921, 548.8882228732109, 1002.0
Hawaii, 1922, 387.36358880996704, 1002.0
Idaho, 1920, 3919.024818241596, 9217.0
Idaho, 1921, 4172.725918471813, 9433.0
Idaho, 1922, 4383.37859505415, 9741.0
Idaho, 1923, 3055.2420499920845, 6951.0
Idaho, 1924, 2309.4580360651016, 4942.0
Idaho, 1925, 471.39369493722916, 1279.0
Idaho, 1926, 205.6949207186699, 309.0
Illinois, 1920, 358.40706890821457, 1331.0
Illinois, 1921, 463.4734184741974, 1368.0
Illinois, 1922, 356.84334921836853, 1313.0
Illinois, 1923, 57.89695155620575, 498.0
Illinois, 1924, 82.34985333681107, 283.0
Illinois, 1925, 65.5904221534729, 362.0
Illinois, 1926, 68.87277698516846, 337.0
Illinois, 1927, 0.3218684792518616, 44.0
Illinois, 1928, 14.978917300701141, 43.0
Illinois, 1929, 0.0, 0.0
Illinois, 1930, 0.0, 0.0
Illinois, 1931, 18.88900262117386, 35.0
Illinois, 1932, 0.0, 0.0
Illinois, 1933, 0.0, 0.0
Illinois, 1934, -1.6855065822601318, 32.0
Illinois, 1935, 120.0118448138237, 202.0
Illinois, 1936, 83.61645793914795, 110.0
Illinois, 1937, 15.972320258617401, 22.0
Illinois, 1938, 33.75889873504639, 46.0
Illinois, 1939, 12.816812515258789, 33.0
Illinois, 1940, 53.70401459932327, 74.0
Indiana, 1920, 654.1313240528107, 1499.0
Indiana, 1921, 547.1095525026321, 1568.0
Indiana, 1922, 761.0741835236549, 1745.0
Indiana, 1923, 92.28205865621567, 309.0
Indiana, 1924, 121.3615517616272, 415.0
Indiana, 1925, 143.435553252697, 340.0
Indiana, 1926, 50.450232088565826, 260.0
Indiana, 1927, 149.38480359315872, 314.0
Indiana, 1928, 176.7360942363739, 406.0
Indiana, 1929, 154.09895133972168, 351.0
Indiana, 1930, 26.210692882537842, 398.0
Indiana, 1931, 131.2582969069481, 448.0
Indiana, 1932, 46.41937357187271, 367.0
Indiana, 1933, 93.22983187437057, 269.0
Indiana, 1934, 101.09028172492981, 213.0
Indiana, 1935, 66.2100760936737, 216.0
Indiana, 1936, 99.61522907018661, 325.0
Iowa, 1920, 1120.48709076643, 2159.0
Iowa, 1921, 1125.6216193437576, 2167.0
Iowa, 1922, 375.2516043782234, 705.0
Iowa, 1923, 93.71441692113876, 192.0
Iowa, 1924, 1.9790502786636353, 10.0
Kansas, 1920, 840.750390291214, 1739.0
Kansas, 1921, 813.7985230088234, 1583.0
Kansas, 1922, 583.8464047312737, 1193.0
Kentucky, 1920, 1613.0802599191666, 3297.0
Kentucky, 1921, 1730.0709981322289, 3807.0
Kentucky, 1922, 1670.123942553997, 3432.0
Louisiana, 1920, 3233.878893136978, 6328.0
Louisiana, 1921, 3374.2757804989815, 6779.0
Louisiana, 1922, 2783.5581958293915, 5425.0
Maine, 1920, 1121.2329305410385, 2069.0
Maine, 1921, 1371.5591926574707, 2222.0
Maine, 1922, 1027.1834053993225, 1572.0
Maine, 1923, 623.0639932155609, 1248.0
Maine, 1924, 652.1143996119499, 1142.0
Maine, 1925, 318.36980867385864, 587.0
Maine, 1926, 369.1432269215584, 719.0
Maryland, 1920, 1669.8178536891937, 3643.0
Maryland, 1921, 1840.6975084543228, 4338.0
Maryland, 1922, 1936.413104236126, 4212.0
Maryland, 1923, 1318.1266410946846, 2591.0
Maryland, 1924, 920.3095509409904, 1964.0
Maryland, 1925, 698.4280073046684, 1489.0
Maryland, 1926, 938.3230764269829, 1925.0
Maryland, 1927, 445.8637636899948, 1212.0
Maryland, 1928, 575.196736395359, 1178.0
Maryland, 1929, 523.9107773303986, 1213.0
Maryland, 1930, 680.636167049408, 1524.0
Maryland, 1931, 665.3228283524513, 1457.0
Maryland, 1932, 484.2870152592659, 1189.0
Maryland, 1933, 385.9567765593529, 949.0
Maryland, 1934, 721.804540336132, 1518.0
Maryland, 1935, 573.4053906798363, 1347.0
Maryland, 1936, 483.9392158985138, 886.0
Maryland, 1937, 559.8030796647072, 1038.0
Maryland, 1938, 577.5210818052292, 1418.0
Maryland, 1939, 562.5090500116348, 1305.0
Maryland, 1940, 956.4689143300056, 1861.0
Michigan, 1920, 1547.5031108260155, 3563.0
Michigan, 1921, 1581.022455573082, 3798.0
Michigan, 1922, 1135.9876590967178, 2963.0
Michigan, 1923, 213.2200721502304, 501.0
Michigan, 1924, 240.0194399356842, 501.0
Michigan, 1933, 179.29629468917847, 350.0
Michigan, 1934, 160.93427884578705, 501.0
Michigan, 1935, 530.8498538136482, 1002.0
Michigan, 1936, 554.3356211781502, 1002.0
Michigan, 1937, 374.02690929174423, 1002.0
Michigan, 1938, 510.0539466738701, 1503.0
Michigan, 1939, 855.2613561749458, 2004.0
Michigan, 1940, 917.8212432265282, 2004.0
Minnesota, 1920, 4190.683534145355, 9197.0
Minnesota, 1921, 3879.417068362236, 8816.0
Minnesota, 1922, 4290.235395908356, 9620.0
Minnesota, 1923, 1639.6879278421402, 5071.0
Minnesota, 1924, 1385.9116164445877, 3801.0
Minnesota, 1925, 1456.1060612797737, 2718.0
Minnesota, 1926, 1328.6847952604294, 2309.0
Minnesota, 1927, 1205.379835665226, 2485.0
Minnesota, 1928, 848.0034022927284, 1622.0
Minnesota, 1929, 842.0769879221916, 1641.0
Minnesota, 1930, 620.3172310590744, 1035.0
Minnesota, 1931, 618.3103054761887, 1277.0
Minnesota, 1932, 798.6890766620636, 1506.0
Minnesota, 1933, 654.2100626826286, 1412.0
Minnesota, 1934, 973.5153293013573, 1889.0
Minnesota, 1935, 707.3676365017891, 1846.0
Minnesota, 1936, 1008.6099030971527, 1975.0
Minnesota, 1937, 1135.4609934091568, 2049.0
Minnesota, 1938, 1179.7743409276009, 2048.0
Minnesota, 1939, 904.1300689578056, 1812.0
Minnesota, 1940, 1141.2384846806526, 2042.0
Mississippi, 1920, 3310.4410932064056, 6444.0
Mississippi, 1921, 2876.631451547146, 6595.0
Mississippi, 1922, 3242.116565346718, 6717.0
Mississippi, 1923, 1020.6863674521446, 1894.0
Mississippi, 1924, 0.0, 0.0
Mississippi, 1925, 0.0, 0.0
Mississippi, 1926, 48.67832374572754, 84.0
Mississippi, 1927, 230.16311186552048, 287.0
Mississippi, 1928, 247.58877825737, 372.0
Mississippi, 1929, 183.99599266052246, 363.0
Mississippi, 1930, 240.4686718583107, 345.0
Mississippi, 1931, 254.99198198318481, 364.0
Mississippi, 1932, 215.68178272247314, 418.0
Mississippi, 1933, 416.01284766197205, 680.0
Mississippi, 1934, 314.1558970808983, 435.0
Mississippi, 1935, 202.51999014616013, 412.0
Mississippi, 1936, 376.86464178562164, 582.0
Mississippi, 1937, 144.74653643369675, 275.0
Mississippi, 1938, 451.98644483089447, 637.0
Mississippi, 1939, 502.4546985030174, 708.0
Mississippi, 1940, 607.0707468390465, 949.0
Missouri, 1920, 1432.9074286222458, 3996.0
Missouri, 1921, 1544.7116144895554, 4168.0
Missouri, 1922, 1520.4790821671486, 4161.0
Missouri, 1923, 0.0, 0.0
Missouri, 1924, 0.0, 0.0
Missouri, 1925, 0.0, 0.0
Missouri, 1926, 0.995379626750946, 3.0
Missouri, 1927, 0.0, 0.0
Missouri, 1928, 0.0, 0.0
Missouri, 1929, -0.9765781164169312, 1.0
Missouri, 1930, 0.0, 0.0
Missouri, 1931, 0.0, 0.0
Missouri, 1932, 0.0, 0.0
Missouri, 1933, 0.9987034797668457, 1.0
Missouri, 1934, 7.963315963745117, 8.0
Missouri, 1935, 0.0, 0.0
Missouri, 1936, 0.9934207797050476, 1.0
Missouri, 1937, 0.0, 0.0
Missouri, 1938, 0.0, 0.0
Missouri, 1939, 0.0, 0.0
Missouri, 1940, 0.0, 0.0
Montana, 1920, 624.1952460408211, 2056.0
Montana, 1921, 1151.1024830937386, 2920.0
Montana, 1922, 1951.8246372938156, 3875.0
Montana, 1923, 896.7269697189331, 2036.0
Montana, 1924, 1157.9836360812187, 2487.0
Montana, 1925, 868.6598790287971, 1851.0
Montana, 1926, 1070.1893681287766, 1980.0
Montana, 1927, 955.2896498441696, 2102.0
Montana, 1928, 876.3660704493523, 1690.0
Montana, 1929, 1099.5773198008537, 2146.0
Montana, 1930, 820.9932659268379, 1867.0
Montana, 1931, 1043.9028114676476, 2419.0
Montana, 1932, 700.9043897986412, 2659.0
Montana, 1933, 625.9460219740868, 2537.0
Montana, 1934, 857.363903939724, 2600.0
Montana, 1935, 883.29340082407, 2625.0
Montana, 1936, 945.3199696540833, 2758.0
Montana, 1937, 739.5890079140663, 1925.0
Montana, 1938, 502.45566123723984, 1458.0
Montana, 1939, 583.2366120219231, 1880.0
Montana, 1940, 539.5920094251633, 1817.0
Nebraska, 1920, 870.6077323555946, 2215.0
Nebraska, 1921, 1040.913828611374, 2414.0
Nebraska, 1922, 1064.5275647044182, 2716.0
Nebraska, 1923, 467.7153462767601, 1176.0
Nebraska, 1924, 267.5221897363663, 851.0
Nebraska, 1925, 288.006953060627, 624.0
Nebraska, 1926, 0.0, 0.0
Nebraska, 1927, 0.0, 0.0
Nebraska, 1928, 225.00405526161194, 515.0
Nebraska, 1929, 158.29337871074677, 411.0
Nebraska, 1930, 165.61737847328186, 375.0
Nebraska, 1931, 91.57895028591156, 416.0
Nebraska, 1932, 328.5545055270195, 793.0
Nebraska, 1933, 489.24741965532303, 1128.0
Nebraska, 1934, 434.9267792105675, 895.0
Nebraska, 1935, 392.1494952440262, 910.0
Nebraska, 1936, 263.7373717427254, 588.0
Nebraska, 1937, 328.6794638633728, 713.0
Nebraska, 1938, 324.81369495391846, 586.0
Nebraska, 1939, 275.0078363418579, 711.0
Nebraska, 1940, 361.4707338809967, 605.0
Nevada, 1920, 1487.1529324650764, 3411.0
Nevada, 1921, 1499.6735510230064, 3860.0
Nevada, 1922, 1623.0786899924278, 3721.0
Nevada, 1923, 920.5426150560379, 2255.0
Nevada, 1924, 441.5569460988045, 900.0
Nevada, 1925, 21.970708191394806, 56.0
Nevada, 1926, 28.905518770217896, 53.0
Nevada, 1927, 208.04752838611603, 396.0
Nevada, 1928, 111.12011480331421, 274.0
Nevada, 1929, 141.52574425935745, 284.0
Nevada, 1930, -16.853538990020752, 49.0
Nevada, 1931, 82.44865202903748, 292.0
Nevada, 1932, 44.809687316417694, 287.0
Nevada, 1933, 39.954788506031036, 70.0
Nevada, 1934, 25.207359731197357, 65.0
Nevada, 1935, 0.0, 0.0
Nevada, 1936, 22.0451500415802, 34.0
Nevada, 1937, 49.4976572394371, 74.0
Nevada, 1938, 65.64745223522186, 103.0
Nevada, 1939, 35.804732978343964, 52.0
Nevada, 1940, 182.94291806221008, 385.0
New Jersey, 1920, 1008.1917541623116, 2310.0
New Jersey, 1921, 1256.9144799113274, 2476.0
New Jersey, 1922, 856.5558778047562, 1865.0
New Jersey, 1923, 934.7372632026672, 1980.0
New Jersey, 1924, 530.6551926136017, 1089.0
New Jersey, 1925, 425.77361834049225, 775.0
New Jersey, 1926, 164.8836731314659, 355.0
New Mexico, 1920, 1323.3075446486473, 3680.0
New Mexico, 1921, 1566.610864162445, 3479.0
New Mexico, 1922, 562.4054963588715, 1236.0
New York, 1920, 102.1273747086525, 1503.0
New York, 1921, 264.4120578765869, 1503.0
New York, 1922, 275.708222925663, 1503.0
New York, 1924, -68.71789002418518, 501.0
New York, 1925, 2.90496289730072, 501.0
New York, 1926, -6.774012923240662, 501.0
New York, 1927, 29.967596411705017, 501.0
New York, 1928, -42.66776931285858, 501.0
New York, 1929, 61.82539200782776, 501.0
New York, 1930, -15.646313667297363, 501.0
New York, 1931, -26.718197762966156, 501.0
New York, 1932, 31.245411157608032, 501.0
New York, 1933, -45.336242496967316, 501.0
New York, 1934, -8.798030257225037, 501.0
New York, 1935, 95.4701817035675, 501.0
North Carolina, 1920, 642.5040310025215, 2270.0
North Carolina, 1921, 579.3663959503174, 2501.0
North Carolina, 1922, 583.4508743286133, 2391.0
North Carolina, 1923, 315.00912219285965, 1002.0
North Carolina, 1924, 381.9955024123192, 979.0
North Carolina, 1925, 366.8903019428253, 1002.0
North Carolina, 1926, 321.78849190473557, 1002.0
North Carolina, 1927, 269.75773298740387, 501.0
North Carolina, 1928, 196.4847675561905, 501.0
North Carolina, 1929, 531.339093029499, 1037.0
North Carolina, 1930, 568.1755020022392, 1002.0
North Carolina, 1931, 613.7320407629013, 1503.0
North Carolina, 1932, 525.0315630435944, 1503.0
North Carolina, 1933, 441.47361582517624, 1503.0
North Carolina, 1934, 531.783235669136, 1503.0
North Carolina, 1935, 677.7158018350601, 1622.0
North Carolina, 1936, 745.7498894333839, 2004.0
North Carolina, 1937, 719.5044486522675, 2004.0
North Carolina, 1938, 547.8905726075172, 1002.0
North Carolina, 1939, 395.865316092968, 1100.0
North Carolina, 1940, 386.5973368883133, 1002.0
North Dakota, 1920, 50.657870173454285, 157.0
North Dakota, 1921, 39.594565868377686, 228.0
Ohio, 1920, -48.95142036676407, 501.0
Ohio, 1921, 94.82624685764313, 501.0
Ohio, 1922, 0.0, 0.0
Ohio, 1939, 228.6856545805931, 316.0
Ohio, 1940, 339.8494620323181, 458.0
Pennsylvania, 1920, 0.0, 0.0
Pennsylvania, 1921, 0.0, 0.0
Pennsylvania, 1922, 0.0, 0.0
South Carolina, 1920, 0.0, 0.0
South Carolina, 1921, 151.98679947853088, 501.0
South Carolina, 1922, 71.80667954683304, 501.0
South Dakota, 1920, 2095.225154042244, 5511.0
South Dakota, 1921, 2081.1056092381477, 5511.0
South Dakota, 1922, 1601.4226340055466, 4437.0
South Dakota, 1923, 1108.1972808241844, 2505.0
South Dakota, 1924, 539.3783382773399, 1503.0
Tennessee, 1920, 4727.651777982712, 8551.0
Tennessee, 1921, 4760.742505908012, 9766.0
Tennessee, 1922, 2765.375938653946, 5133.0
Texas, 1920, 814.9584826231003, 1743.0
Texas, 1921, 727.3403785228729, 1477.0
Texas, 1922, 318.14072573184967, 575.0
Texas, 1923, 155.02074193954468, 365.0
Texas, 1924, 71.11274003982544, 350.0
Texas, 1925, 115.4653509259224, 346.0
Texas, 1926, 67.98422127962112, 168.0
Texas, 1934, 119.8635590672493, 233.0
Texas, 1935, 102.20861011743546, 357.0
Texas, 1936, 7.533634424209595, 29.0
Texas, 1937, 0.0, 0.0
Texas, 1938, 0.0, 0.0
Texas, 1939, 12.738268077373505, 33.0
Utah, 1920, 371.8572552204132, 1215.0
Utah, 1921, 408.932869553566, 1052.0
Utah, 1922, 382.40611630678177, 928.0
Utah, 1924, 64.6007758975029, 85.0
Utah, 1925, 55.156998336315155, 102.0
Utah, 1926, 5.301751136779785, 19.0
Utah, 1927, 50.74483609199524, 101.0
Vermont, 1920, 1365.0899926424026, 2820.0
Vermont, 1921, 1415.8900662660599, 2782.0
Vermont, 1922, 1295.9804791212082, 2696.0
Virgin Islands, 1920, 12.176269173622131, 92.0
Virgin Islands, 1921, 20.140638828277588, 74.0
Virgin Islands, 1922, 23.571995198726654, 70.0
Virgin Islands, 1923, 7.033401012420654, 62.0
Virgin Islands, 1924, 22.694242119789124, 51.0
Virgin Islands, 1925, -6.575897455215454, 51.0
Virgin Islands, 1926, 31.29561746120453, 62.0
Virgin Islands, 1927, 16.852136075496674, 71.0
Virgin Islands, 1928, 20.782613337039948, 39.0
Virgin Islands, 1929, 35.67292082309723, 70.0
Virgin Islands, 1930, 26.92598682641983, 88.0
Virgin Islands, 1931, 19.455180287361145, 80.0
Virgin Islands, 1932, 27.3828267455101, 56.0
Virgin Islands, 1933, 18.026785969734192, 52.0
Virgin Islands, 1934, 38.155643343925476, 113.0
Virgin Islands, 1935, 23.63297027349472, 151.0
Virgin Islands, 1936, 39.07616102695465, 88.0
Virgin Islands, 1937, 16.934201419353485, 29.0
Virgin Islands, 1938, 31.068349599838257, 62.0
Virgin Islands, 1939, 17.429502964019775, 59.0
Virgin Islands, 1940, 23.751036822795868, 80.0
Virginia, 1920, 896.7562322616577, 1747.0
Virginia, 1921, 996.4613010287285, 2062.0
Virginia, 1922, 1026.391761302948, 2216.0
Virginia, 1923, 422.52381032705307, 1107.0
Virginia, 1924, 440.34220266342163, 863.0
Virginia, 1925, 272.6677951812744, 544.0
Virginia, 1926, 113.17219531536102, 194.0
Virginia, 1927, 211.09331744909286, 426.0
Virginia, 1928, 199.56155985593796, 424.0
Virginia, 1929, 279.9852616786957, 551.0
Virginia, 1930, 223.18418669700623, 500.0
Virginia, 1939, 98.81600838899612, 192.0
Virginia, 1940, 78.869988322258, 167.0
Washington, 1920, 1513.3419803977013, 3120.0
Washington, 1921, 1132.866117298603, 2585.0
Washington, 1922, 1333.8301137685776, 2711.0
Washington, 1923, 998.6555374860764, 1979.0
Washington, 1924, 453.6761673092842, 1279.0
Washington, 1925, 642.6375284790993, 1384.0
Washington, 1926, 472.01123410463333, 935.0
Washington, 1927, 695.7506033778191, 1330.0
Washington, 1928, 642.0129179954529, 1275.0
Washington, 1929, 731.5214328765869, 1263.0
Washington, 1930, 605.0138339400291, 1090.0
Washington, 1931, 541.9163403511047, 1070.0
Washington, 1932, 454.19668436050415, 1083.0
Washington, 1933, 595.7371703386307, 1216.0
Washington, 1934, 424.8351735472679, 1555.0
Washington, 1935, 533.9451313018799, 1793.0
Washington, 1936, 557.7509756088257, 1326.0
Washington, 1937, 312.4821336865425, 705.0
Washington, 1938, 500.99633860588074, 785.0
Washington, 1939, 487.78358858823776, 1033.0
Washington, 1940, 538.6555354595184, 973.0
West Virginia, 1920, 906.610219180584, 2383.0
West Virginia, 1921, 861.1694149971008, 2260.0
West Virginia, 1922, 866.7546733021736, 2315.0
West Virginia, 1923, 419.8364378809929, 880.0
West Virginia, 1924, 144.1251398921013, 353.0
West Virginia, 1925, 338.72107058763504, 609.0
West Virginia, 1926, 396.24176102876663, 594.0
West Virginia, 1927, 183.53547632694244, 404.0
West Virginia, 1928, 0.0, 0.0
West Virginia, 1929, 0.0, 0.0
West Virginia, 1930, 0.0, 0.0
West Virginia, 1931, 0.0, 0.0
West Virginia, 1932, 0.0, 0.0
West Virginia, 1933, 0.0, 0.0
West Virginia, 1934, 0.0, 0.0
West Virginia, 1935, 0.0, 0.0
West Virginia, 1936, 56.2756245136261, 188.0
West Virginia, 1937, 50.259886145591736, 257.0
West Virginia, 1938, 74.32163834571838, 167.0
West Virginia, 1939, 46.01843112707138, 201.0
West Virginia, 1940, 111.08204340934753, 306.0
Wisconsin, 1920, 3079.072332561016, 7118.0
Wisconsin, 1921, 3276.393427014351, 7312.0
Wisconsin, 1922, 3382.1634274721146, 7319.0
Wisconsin, 1923, 1182.7310392260551, 2838.0
Wisconsin, 1924, 1269.5095015764236, 2985.0
Wisconsin, 1925, 1250.6350228786469, 3079.0
Wyoming, 1920, 532.5861074328423, 1242.0
Wyoming, 1921, 783.0597747564316, 1485.0
Wyoming, 1922, 807.859702706337, 1821.0
Wyoming, 1923, 701.9962844252586, 1627.0
Wyoming, 1924, 1016.7133506536484, 2036.0
Wyoming, 1925, 898.0652668476105, 1626.0
Wyoming, 1926, 903.0704534053802, 1545.0
Wyoming, 1927, 237.81045937538147, 323.0
Wyoming, 1928, 22.03181368112564, 30.0
Wyoming, 1929, 0.0, 0.0
Wyoming, 1930, 33.11139863729477, 37.0
